image: hospital.pgm
resolution: 0.050000
origin: [-12.795818, -12.535516, 0.000000]
negate: 0
occupied_thresh: 0.65
free_thresh: 0.196

