image: lab_test2.pgm
resolution: 0.050000
origin: [-5.363773, -4.104050, 0.000000]
negate: 0
occupied_thresh: 0.65
free_thresh: 0.196

