image: lab_rrc.pgm
resolution: 0.050000
origin: [-8.793636, -9.690653, 0.000000]
negate: 0
occupied_thresh: 0.65
free_thresh: 0.196

